-0.00786178 0.0358638 -0.0777545 -0.0415124 0.0297158 -0.0142398 0.0852727 0.0369637 -0.00817389 0.0274285 0.0062715 -0.0644872 0.0658465 -0.0294611 -0.000960997 0.0214911 0.0462234 -0.00808177 -0.00766361 -0.0232133 0.0714605 0.0719034 0.0430486 -0.0699489 0.044474 0.0432102 -0.0125268 -0.0371707 -0.0315675 -0.0251517 -0.0279869 -0.0299729 0.0511538 0.0329707 0.0225748 0.0440489 -0.00317272 -0.0306661 0.0792878 -0.0705545
0.0204552 -0.0267906 0.0410426 0.0389451 -0.0185447 0.0173667 -0.0589259 -0.0280336 -0.0066373 -0.00570721 -0.000946185 0.0442154 -0.0315196 0.0215035 -0.000588612 -0.0250975 -0.0281856 -0.00564172 -0.0013228 0.0208937 -0.0361805 -0.0457203 -0.0263689 0.0577244 -0.0180503 -0.03805 -0.00366885 0.0303989 0.00216962 0.027613 0.0223656 0.0178907 -0.0283329 -0.0180156 -0.0188814 -0.0172985 0.0159336 0.0233443 -0.0509069 0.0302979
-0.00985035 0.0421474 -0.0716633 -0.0336369 0.0174614 0.00365709 0.0747241 0.0534388 -0.0136547 0.0262732 0.00890795 -0.0555026 0.05084 -0.0227133 -0.00672496 0.0170306 0.0340091 0.00208943 0.00228893 -0.0369204 0.0459846 0.0735816 0.0320207 -0.060895 0.0262527 0.0390975 -0.0182967 -0.0247061 -0.0213541 -0.0222319 -0.0233813 -0.0151806 0.036181 0.030707 0.0218752 0.0240129 -0.00795609 -0.0209727 0.0624452 -0.0571101
-0.0344004 0.149525 -0.24651 -0.132479 0.0707916 -0.0271202 0.250886 0.166799 -0.00892919 0.0829734 0.00390818 -0.248471 0.189159 -0.1296 -0.00239896 0.105789 0.14062 0.00980949 -6.51574e-05 -0.116652 0.224125 0.244181 0.152096 -0.242371 0.168761 0.150454 -0.0260299 -0.113686 -0.0786896 -0.0765615 -0.0727595 -0.0507334 0.152124 0.137887 0.104571 0.132209 -0.030424 -0.120094 0.213971 -0.20763
-0.00106678 0.0560161 -0.0825979 -0.0575777 0.0220672 -0.000307453 0.095466 0.0540983 0.000204865 0.0223262 -0.00153677 -0.0813769 0.0753777 -0.0541919 -0.0153581 0.0361785 0.066989 0.0116691 0.0157503 -0.045356 0.0841832 0.0821255 0.0392034 -0.0851856 0.0577726 0.06774 0.0025293 -0.0518078 -0.03125 -0.0243392 -0.0281217 -0.0119083 0.0471259 0.0607321 0.02652 0.0472026 -0.00267914 -0.0362406 0.0817928 -0.0758017
-0.019355 0.0420548 -0.0858741 -0.0399279 0.0123068 -0.0135088 0.0935153 0.0673558 -0.00120828 0.024584 -0.00323562 -0.0696595 0.0589603 -0.0467436 0.0068127 0.0259688 0.0408043 0.0053841 -0.00927934 -0.0331727 0.0674453 0.0965865 0.0460598 -0.0856353 0.0507611 0.0431739 0.00310391 -0.0331417 -0.0178271 -0.0141052 -0.0334903 -0.0254346 0.042496 0.0416653 0.026796 0.0493691 -0.0202909 -0.0462417 0.0834781 -0.0766164
0.00630629 0.0107241 -0.0462279 -0.0146251 -0.000772908 -0.00176909 0.0225797 0.0330805 -0.0102693 0.0125609 -0.0101394 -0.0257706 0.0339061 -0.00772514 0.00994981 0.0211516 0.0253343 0.000958317 -3.24835e-05 -0.0229895 0.0227988 0.0303926 0.0264872 -0.0404776 0.0259288 0.031085 -0.011285 -0.0206908 -0.00115737 -0.0106667 -0.00219236 0.000174602 0.0130808 0.0125461 0.0137756 0.0228251 0.00546932 -0.0109901 0.0221011 -0.0233453
-0.00376812 -0.0076399 -0.000122571 0.0012624 0.00875832 0.00579506 -0.00886213 -0.00166585 0.0110012 -0.0106332 0.00967996 0.00304863 -0.011158 0.00907166 -0.0112198 -0.0119021 0.00797065 -0.000711305 0.00134436 -0.00505264 -0.0106686 -0.012902 -0.0121177 -0.00749992 0.00779488 -0.0132708 0.00421782 -0.00836175 -0.00580512 0.00802584 0.0108109 -0.00419847 -0.00656223 -0.0045971 0.00547484 -0.0102804 0.010436 -0.000300026 -0.0056244 0.0159449
-0.00620443 -0.0053683 -0.0181352 -0.0123699 0.00347652 -0.0035634 0.00409957 0.0115153 -0.00701395 0.0137956 -0.00998286 -0.00368656 -0.00454019 -0.0106362 0.00995025 0.00239153 0.00858069 -0.00703095 -0.0117564 -0.00525865 0.00956738 0.0146047 0.0134847 -0.00904255 0.0148936 0.00771429 0.00796143 -0.0150753 -0.0108812 -0.00664502 -0.00252188 0.00126203 0.00104965 0.0144953 0.0120938 -3.55195e-05 0.00455883 0.00785683 0.00782861 -0.00299389
-0.0524312 0.181875 -0.320435 -0.166182 0.0788597 -0.0392993 0.306863 0.209741 -0.0139657 0.130697 0.00619119 -0.291786 0.222002 -0.159283 -0.0220601 0.133736 0.194851 0.0128722 -0.001417 -0.153343 0.261785 0.325167 0.17965 -0.313256 0.200098 0.202191 -0.0380828 -0.138961 -0.103334 -0.097191 -0.0893861 -0.0723027 0.189605 0.155375 0.126753 0.157185 -0.0223142 -0.133948 0.286809 -0.247974
